q-values : state
0.5 0 0 0 0 0 0 1 2 : 000
0.5 0 0 0 0 0 0 0 1 : 001
0.5 0 0 0 0 0 1 0 0 : 002
0.5 0 0 0 0 1 0 0 1 : 010
0.5 0 0 0 0 0 0 0 1 : 011
0.5 0 0 1 0 0 1 0 0 : 012
0.5 0 0 0 0 0 0 0 1 : 020
0.5 0 0 0 0 0 0 0 1 : 021
0.5 0 0 1 0 0 1 0 0 : 022
0.5 0 0 0 0 0 0 1 0 : 100
0.5 0 0 0 0 0 0 0 0 : 101
0.5 0 0 0 0 1 0 0 0 : 102
0.5 0 0 0 0 1 0 0 0 : 110
0.5 0 0 0 0 0 0 0 0 : 111
0.5 0 0 1 0 1 0 0 0 : 112
0.5 0 0 0 0 0 0 0 0 : 120
0.5 0 0 0 0 0 0 0 0 : 121
0.5 0 0 1 0 1 0 0 0 : 122
0.5 0 0 0 0 0 0 1 0 : 200
0.5 0 0 0 0 0 0 0 0 : 201
0.5 0 0 0 0 2 0 0 0 : 202
0.5 0 0 0 0 1 0 0 0 : 210
0.5 0 0 0 0 0 0 0 0 : 211
0.5 0 0 1 0 0 0 0 0 : 212
1.5 0 0 0 0 0 0 0 0 : 220
0.5 1 0 0 0 0 0 0 0 : 221
0.5 1 0 1 0 0 0 0 0 : 222
indices correspond to ['FORWARD', 'SLIGHT_RIGHT_INPLACE', 'SLIGHT_RIGHT_MOVING', 'RIGHT_MOVING', 'RIGHT_INPLACE', 'SLIGHT_LEFT_MOVING', 'SLIGHT_LEFT_INPLACE', 'LEFT_MOVING', 'LEFT_INPLACE']